%YAML:1.0
---
calibration_time: "Tue 05 Mar 2019 12:25:35 AM CET"
image_width: 1280
image_height: 720
flags: 0
camera_matrix: !!opencv-matrix
   rows: 3
   cols: 3
   dt: d
   data: [ 9.2453184629936447e+02, 0., 6.0469787038413006e+02, 0.,
       9.3260761891969116e+02, 3.6102256348294355e+02, 0., 0., 1. ]
distortion_coefficients: !!opencv-matrix
   rows: 1
   cols: 5
   dt: d
   data: [ 8.9783883957018376e-02, -1.0704742473390601e-01,
       2.0163876198432992e-03, 7.6667146961220331e-04,
       -2.1033823497701779e-01 ]
avg_reprojection_error: 2.3941367831313869e+00
