%YAML:1.0
---
calibration_time: "Sat 23 Feb 2019 11:31:18 AM CET"
image_width: 1280
image_height: 720
flags: 0
camera_matrix: !!opencv-matrix
   rows: 3
   cols: 3
   dt: d
   data: [ 9.1125379583681729e+02, 0., 6.3612875545167788e+02, 0.,
       9.1135641085471900e+02, 3.7101325607458699e+02, 0., 0., 1. ]
distortion_coefficients: !!opencv-matrix
   rows: 1
   cols: 5
   dt: d
   data: [ 6.1703478739935709e-02, -2.2603919771211709e-02,
       -9.4675079453396347e-04, -8.9791289462899800e-04,
       -3.1144139119319902e-01 ]
avg_reprojection_error: 4.4419815259954831e-01
